
##20 25 거꾸로 자는 올빼미
00011110000000000000
00000011111100000000
00000000011111111100
00000111111111111111
11111100010000111111
00000000010000000011
00000001111100000000
00000010010010000000
00000010110110000000
00000111111111000000
00000111111111100000
00001111111011100000
00001111011011100001
00001111011110100000
00001111111110100000
00001101111111100000
00001101111111000000
00001111101111001000
00000111101110001010
00000011101110001010
00000011111100011010
00000001111100010110
00000001111000110100
00000000111000101100
00000000010000001000
[15,15,쥬스한잔요]
2;2;2;1;2,6;2,1,6;3,2,1;3,6,1;9,1;1,7,1;1,6,1;1,2,1;1,6;6;0
3;2,2;2,2;1,2;10;1,2,1;1,2,1;1,6,1;1,6,1;2,4,2;1,4,1;1,4,1;1,4,1;1,1;8
[25,25,한입먹은 사과]
8;2,8;1,11;1,13;1,15;18;19;1,19;3,18;3,18;20;1,18;2,19;3,7,8;3,4,6;3,4,2,4;4,3,3,4;4,2,2,3;3,2,7,3;3,2,2,2;2,2;1,2,3;2,2;7;5
2,6;1,8;2,8;1,7;2;1;4,1,5;2,13,3;1,14,4;1,12,2,2;1,11,1,2;1,12,1,2;1,12,1,4;13,8;13,7;13,2,1;13,1;14,1;13,1;14,2;18;17;15;13;4,4
[15,15,고양이]
9;12;8,1,3;5,1,1,4;4,1,1,4;9,3;5,3,3;5,3;5,3,3;9,3;4,1,1,4;5,1,1,4;8,1,3;12;9
2,2;4,4;13;15;15;3,5,3;3,5,3;6,6;2,2,2,2;7,7;2,2,2,2;5,5;13;11;9
[10,10,병아리]
1;1;6;8,1;2,7;8,1;10;7;3;1
4;6;2,3;8;7;8;7;5;1,1;4
[10,10,닭다리]
4;6;7;1,5;1,5;1,5;4,3;2,1;1,2;3
4;3,1;5,1;7;7;7;4,3;2,1;1,2;3
[30,30,슈렉과피오나]
4,6,3,1,5;4,1,2,6,2,6;3,2,6,3,1,5;2,1,3,1,3,6;1,2,6,2,6,1;2,1,2,2,2,3,1;5,6,1,2,3,1;5,2,2,8,2;5,3,5,2,2;6,2,1,9,1;6,2,1,1,1,7,4;6,2,13,1;7,21;28,1;11,5,10;11,2,1,10;10,2,1,1,8;4,4,1,2,1,1,7;3,9,2,2;2,1,4,3,1,7;1,2,1,4,7;1,3,3,2,1;1,1,4;2,5;2,1,3,2,1;1,2,2,3,2;2,4,2,2,3;3,4;1,3;2,3;
22,3,2;4,15,1,2,1;3,1,13,1,1;2,2,12,3;1,12,2,1;2,10,3;10,2;1,1,10;1,2,1,7,1;3,2,2,5,3;3,3,2,5,2;1,1,1,3,4,2;1,1,1,3,2,5;5,1,3,2,4;3,1,7,2,1;2,2,5,3,1;3,6,2;5,6;3,2,4;1,10;11,1;2,11,3;16,4;2,20;7,15,1,1;10,7,2,2,2;18,2,2,3;5,2,6,2,1,3;3,2,1,1,4,2,3;2,10,3,3,4;
[10,10,달팽이]
5,2;2,4;1,1,3;1,3,3;1,3,3;1,1,3;2,4;5,2;2;2
6;2,2;1,2,1;1,4,1;1,2,1;2,2,1;6,2;9;8;0
[5,5,자!펜을 들고 따라해 봅시다!]
3;4;4;4;3
2,2;5;5;3;1
[10,10,Packman]
1,1;3,2;4,3;5,4;10;2,6;2,6;10;8;6
7;9;4,3;3,3;7;6;7;8;9;7
[10,10,Spaceship]
7;4;2,3;5,1;2,3;2,3;5,1;2,3;4;7
2;4;2,2;1,2,2,1;2,1,1,2;2,1,1,2;3,2,3;3,2,3;1,1,2,1,1;1,1,1,1
[10,10,촉촉한]
7;1,6;5,2;5,2;4,2;2,3;2,4;2,2,2;2,2,2;7
7;8;5,1;1,3,2;4,2;2,1,1;2,2,1;2,2,2;9;7
[10,12,가위]
0;4,2;3,1,1;4,1;5;5;4,1;3,1,1;4,2;0
0;1,1;1,1;2,2;3,3;6;4;6;1,2,1;1,2,1;2,2;0
[15,15,생강빵]
1;3;3,2;3,3;3,3,4;14;1,1,3,5;4,2,3;1,1,3,5;14;3,3,4;3,3;3,2;3;1
5;2,1,2;2,1,2;7;1,1;13;15;6,6;1,1;2,2;5;7;9;5,5;3,3
[10,10,예제]
6;8;9;9;1,8;2,1,1,1;1,3,1;1,1;2,1;6
1;3,4;6,2;5,1;7,1;5,1,1;5,1,1;6,1;4,1;6
[10,10,토끼]
4;6;7,2;10;4,1;4,1;10;7,2;6;4
2,2;2,2;2,2;2,2;8;10;10;2,4,2;4,4;8
[10,10,나랏말쌈이 사맛디 아니할쎄]
4;1,4;1,2,1;2,1,1;3,1,1,1;3,1,1,1;2,1,1;1,2,1;1,1;1
2;8;4;1,1;1,1;4;2;2,2;2;10
[9,10,식빵]
8;9;10;4,1;4,1;5,1;3,1;2,1;7;
6;7;8;9;3,1,1;3,1;3,1;3,1;2,1;7
[15,15,곡식을 좋아하는 친구죠~]
4,5;15;10,2;7,1;5,2,1;2,3;2,1,1;4,5;2,1,1;2,3;5,2,1;7,1;10,2;15;4,5
3,3;5,5;5,5;15;15;4,1,4;3,1,3;2,2;2,2;3,1,1,3;2,1,3,1,2;2,1,2;2,5,2;3,1,1,1,3;5,1,5
[11,12,클로버]
2,2;4,4;4,4;4,4,1;7,2;1,1,3;7;4,4;4,4;4,4;2,2
3,3;5,5;5,5;9;1,1;9;5,5;5,5;3,1,3;1;2;2
[10,10,강아지]
2;2,2;8,1;4,5;3,1;1;1;3,1;1,5;2
2;5;5,1;3,1;1,1;3,2;8;2,2;1,1;2,2
[10,10,배송강아지]
2;1;7;2,4;4,4;7,1;2,4,1;7,2;1,4;2,3
3,3;1,6,1;6;1,2,1;6;2,3;7;4,2;1,3;6
[15,15,누가 나 찾았수?]
1;1;1;2,4;3,3;4,4;10;11;2,8;11;11;12;10;4;1
0;0;4;6;5,4;10;9;8;7;7;7;11;15;3,3;1,1,1,1
[15,15,그림그리는 사람]
0;1,11;15;15;4,10;1,2,1,1,1;4,1,1;3,1,1,1,1;1,2,1,3;1,2,1,3;1,2,1,2;1,5;1,11;4;0
3;5,7;3,1,1;3,2,1,1;3,1,2,2;4,1,2,1;8,1;5,1;4,2;4,2;12;4,2;12;4,3,1;5,3,1
[10,15,최대의 실수 아니면 예술의 극치?]
4
3,2
6,1
11
1,1,4
1,4
1,3,2
6,4,2
14
8
4
1,2
1,2
1,2
1,2
2,2
1,1
2,2
3,3
9
9
10
1,1,1,2
2,4
3,4
[15,15,인간이 하늘을 날수 있다? 누가!]
5;1,3;5,1;5,1;7,2;1,1,1,4;5,4;1,1,1,4;7,2,1;5,1,1;5,1,2;1,3,2;5,3;3;3
7;4,1,4;1,3,1,3,1;1,3,1,3,1;1,9,1;3,1,1,3;2,1,1,2;2,1,1,2;1,1;1,1,1;5;3;3,3;1,1,5;7
[11,15,인류의 미래가]
3;1,1;1,1;11;1,1,3;3,1,6;1,1,3;11;1,1;1,1;3
1;1;3;1,1;2,2;1,1,1;1,1;1,1;1,1;2,1,2;1,1,1,1,1;1,5,1;1,5,1;11;1
[20,15,찰칼찰칵]
9
1,8
1,1,6
1,8
2,2,2
1,1,4,1
1,1,1,2,1
3,1,1,3,1
1,2,1,4,1
2,2,6,1
1,2,4,1,1
2,1,2,4,2
3,1,2
1,8
2,8
3,8
3,1,5
3,1,5
1,8
4,1
3
3,2,3
6,7
1,1,1,2,4,1
1,3,1
1,6,2
6,9
2,2,5,3,1
4,1,3,3,1
4,1,4,6
4,1,5,6
4,5,1,7
5,5,7
5,7
6
[7,7,체크공]
3
1,1,1
1,1,1,1
2,1,2
1,1,1,1
1,1,1
3
3
1,1,1
1,1,1,1
2,1,2
1,1,1,1
1,1,1
3
[10,10,하트화분]
4,1
2,2,2
1,2,2
2,4
2,3
2,3
2,4
1,2,2
2,2,2
4,1
3,3
2,4,2
1,2,1
1,1
2,2
2,2
2,2
4
10
8
[10,10,오리]
9;10;10;2,4,1;5,1;2,1;1,1;1,1;1,1;3
4;6;3,2;5,4;5,1;4,1;9;3;3;4
[15,15,아침을 알리는 소리!!]
9
9
2,8
2,4,6
6,5
5,4
3,3
4,2
4,4
4,1,5
5,5
1,6,3
2,1,1
2
3
3,4
9
7
9
4,2
2,1
2,1,1,4
3,4
3,1,1
4,3
5,2
6,4
7,5
12
10
[15,15,염소]
2
3
5
8
11,1
3,11
2,10
2,6
2,5,1
6,2
8
7
5,1
8
1
2,1
6
6
4
6
8
11
11
12
10
10
2,3,1
2,2,1
2,2,1
3,2,2
##15 15 귀여운 강아지
111100000000111
111000000000011
111001100000001
111001011001101
110001010001001
110001011001101
100011000111001
000010000111000
000010010010100
000010011101100
100010000000100
111111000001111
111111000111111
111110000001111
111100000000111
##20 20 귀여운 고양이
00000000000001111100
00000000000001000110
00000000000001100111
00000000000000110111
00000000000000011011
11100000001110001001
01110000011011111001
00111111110010111101
01111000111010011110
11110000111110000011
10000000011100111001
11110001110101110001
10010001000101110001
10000000000101100001
11001110001101000001
01100100111001000001
00111111101111100001
01001000011000000011
01001001110000000110
01111111011111111100
##20 20 곰돌이 인형
00001111000011110000
00001011111111010000
00001111111111110000
00000110111101100000
00001111000011110000
00001110111001110000
01101100111000110110
11111100010000111111
11111100111100111111
11111110000001111111
00111111111111111100
00011111100111111000
00001110000001110000
00001100000000110000
01101100000000110110
10111100000000111101
01111110000001111110
11111111111111111111
01111111000011111110
00111100000000111100
##20 20 무서운 뱀
00000011110000000000
00000110111000000000
00001111111100000000
11111011111100000000
01101100011100000000
11000111011100000000
00000001011000000000
00000011011000000000
00000010011000000000
00000010110000000000
00000110110000000000
00000100110011110000
00000101100111111000
00001101101111111001
00001001101111011001
00001001111111101011
00001101111110101011
00000100111010101111
00000110000110110111
00000011111100011110
##20 20 개구리 왕눈이
00000111110111110000
00001101011101011000
00001001110111001000
00001000010100001000
00001100110110011000
00010111100011110100
00110000000000000110
00100100000000000010
00100111111111110010
00110001111111000110
00011100000000011100
00000111111111110000
00011100000000011100
00010100100010010100
01110110100010110111
11110010110110100111
11111010010100101111
11000111011101110001
11111100011100011111
00111111111111111110
##20 20 말
00011111000000000000
00111001100000000000
00111100100000000000
01101110110000000000
01111110010000000000
11111111011000000000
11111111001000000000
11001111101000000000
00001111101000000111
00001111111111111111
00001111111111111101
00111111111111101101
01110111111111110101
01110111111101110101
01101111111110111101
01100111111111111011
01100011000110110010
00000011000110110010
00000011000110110010
00000011000110110000
00000011000000110000
##20 25 요술램프
11100111101111011011
11000101101001011111
10000111001001010101
10000101101001010001
00100111101111010001
00110000000000000000
01111111111110000000
01111111111111110000
01111111110011111111
11111111110011111111
00011111000000111111
00001110000000011100
11000100000000001000
11100110000000001011
11100011111111111011
11100000000000000011
11110010000000000010
11110011000000000000
11111001100000000001
11111100110100000111
11111110000000001111
11111111111111111111
11111111000000111111
11111100000000001111
11111111111111111111
##20 25 집에서 기르는 닭
00111111000000000000
00110100000000000000
11101010000000000000
00111010000000000000
01110011000000000000
01110001000000000000
01100001100000000000
00100011100000000000
00110110110000000000
01111100011100000000
11111100000110000000
10111100011011000011
10111110001101101110
10111111000111111100
10111111100011011111
11011111110001101101
01111111111100111100
00111111111111011110
00011111111111111011
00001111101111001101
00000011000011000110
00000010000001100011
00000111000011000001
00001100000111100000
00111000011100000000
##20 25 가지
00000000000011000000
00000000001111110000
00000000111000011100
00000001100000000110
00000001000000000010
00000001001000010011
00000011011100111001
11111010111110111101
10001011111111111111
11101000111111111100
00111000110111101100
00001000100011000100
00001111101011010100
00000011101011011100
00011111111111111111
01111111111000011101
11111111111100111101
11111111111111111101
11111111111111111101
11111111111111111001
11111111111111111001
11111111111111110111
01110111111111111101
00111000011111101001
00011111111111001111
##20 25 나는야, 원시인!
00011111000000000000
00110010100000000000
01111111100000000000
11000010100000010000
10000011100111110000
11111111011111111100
00001100111110111110
00001100111100011111
00001101110000000111
00001101111110111111
00001101100101010011
00111111100001000011
01100011111110111111
11001111101100011011
10000011110111110111
10001111111111111111
10000010111111111101
10001110011111111101
10111100001111111001
10001100000011100011
10001101000001000111
10000001000000011111
10000011000001111111
11000111001111111111
01111101111111111111
##20 25 칼을 든 사나이
01010000000111000000
01010000000111000000
01010000011111110000
01010000111010111000
01010001111010111100
01010001111000111100
01010011110000011110
01010011100000001110
01010011111000111110
01010011001101100110
01010010010100010010
11111010000101000010
01110011000111000110
11111001001000000100
10001001001111100100
10011001100000001100
10010011111111111000
10011111110000011100
11111001111000111110
10001000111101111011
11001100011111110001
01000111111111100001
01000100000000000001
01100100000000000001
01111100000000000001

##40 15 수영하는 여인
1100001111111000001111100011111000111110
0100111000001110001000100010001000100010
0101100001100011001000100010001000100010
1111000111110001111111111111111111111111
0010011100011000110000000000000000000000
1110111000001100011111111111111111111111
1100110001111110000111111111111111111111
1101110011100110000011111111111111111111
1101110101000011100000011111111111111111
1111111110110110000000000001111111000111
1111111100110000001110001110011110011111
1100111110000111011010011010000110111110
1001101111111101110011110011101100011100
0011001011110000100001100000111000000100
0011000001100000000000000000000000000000
##25 25 꿀돼지 주방장
0000000011111111110000000
0000001110000000011000000
0000001000000000001000000
0000001111111111111000000
0000000010001010100000000
0000000010001110100000000
0000000010001011110111110
0000000111001110111110011
0000001111111100001110001
0000011100000000000111001
0000011000000000000011001
1110111110000000000001101
1010101000000000000101111
1011101000011000000001100
1001101001010000001101110
1101101111000000010100110
1101100000011100000000011
1101110000010100011100011
1101110000001100111110011
1101011000000000101010011
1111011000000110111110110
1110001100000011110001110
1110001110001000000111100
0110011111111111111110111
0110111000000110001100001
##25 25 뽀빠이
1111111110000011000000111
1111001111111100000000011
1111111000000000000000001
1000011110000000000001111
1000011110001111111111111
1101111111110000000001111
1101111110100111100000111
1101001110111100100000011
1110000111010000100000001
0010000000010000000000001
0010001111111000000000001
0011000001001110000000001
0001111111110011000000011
0000000000011101000000000
0100000000000101000000011
1100000000000101000000000
1100000000000011000000000
1100000000000000000000111
1110000000000011111111100
1111111000001110000111100
1111110011111000111001110
1111100100110000010000011
1111100101100011010110011
1111111101000001010100001
1110000111000001111100001
##25 25 인어 아가씨
0000000000000011111111000
0000000000000111111111100
0000000000000111111111110
0000000000000111011101110
0000000000000010101010110
0000000001110110101101110
0000000001010100101111110
0000000011010110001111110
0000000010010010001111110
1111111111011111101111111
1111111111011111101111111
1111111111000111001100111
0001111111000000001000011
0000001111100001000100011
1110000000111111101110011
1111000000000011111110011
1111011110000011101110011
1111111111000010000010010
0111111111000111000010010
0011101111001111110010011
0011000110001111111110001
0111000000011111111110111
0111000000111111111111100
1111100011111111111110000
1111111111111111111100000
##25 25 고래
0000000001110111000000000
0000000001011101000000000
0000000001001001000000000
0000000000001000010000000
0000000000001000000000000
0000000000001000000000000
0000000010000111111111000
1110000000001111111111100
0111000000011111111111110
0011110000111111111111110
0011110000111111111111110
0110010001111111101111110
0100000011111111111111110
1100000011111111111111110
1100000111111111111101010
1100000111111111110101010
1100001111111111010111111
1110011111110101111100001
1111111111111111000000011
1111111111111000000001110
0110001110000111000011000
1001110001111000111100111
1111001111000111000011100
0000110000111000011100011
1111001111100111110011100
##25 25 꼬리세운 고양이
0111100000000000000000000
1111100000000000000000000
1110000000000000000000000
1100000000000000001000100
1100000000000000011001100
1100000000000000111011100
1110000000000001111111100
1111111110000001111111110
0111111111000111100010011
0011111111100001111010110
0111111111110111111111111
0111111111111001111101110
0111111111111100111111110
0111111111111111111111100
0111111111111111111110000
0011111111111111111111000
0011111111111111111111100
0001111111111111111111100
0001111111100111111111100
0001111011110011110111100
0001111001111001110011110
0000111100111101110001111
0000111110010100111101101
0000011010011100110100111
0000001110000000011100000
##25 25 부엉이
1111111101111000001111000
1100111001001111111001000
0110011101100111110011000
1110011100100011100010000
1110011001111001001111000
1100111101111100011111000
0111110001100010100011000
0011111001101011101011000
0000000001100010100011000
1111111101111100011111000
0100111110111110111110000
0100001111100011100011100
0110000011000000000111110
0011000001010101010111110
0001110001010101010111111
0000011111000000000111111
0000000001001010100111111
0000000001001010100011111
0000000001100000000001110
0000000000100000000011100
0000000000111000001110000
0000011100001111111000000
0000000111001001001000000
0000000001111011011111111
0000001111111111111111111
##25 25 펠리칸
0000000000000001111100000
0000000000000011000110000
0111111111111110110011100
1111111111111110000011000
1000000000000010000010000
0000000000001111000110000
0000000000111111001000000
0000000011111111001000000
0000001111111110011000000
0000111111111100110000000
0011111111111001100000000
1111111111111001000000000
0111111111111011000000000
0011111111110010000000000
0001111111110010000000000
0000111111100011111100010
0000011111100010000110110
0000000000100010000011111
0000000000100010000001011
0000000000100011000011010
0000000000110001111110110
0000000000011000000001100
1111111111111111111111111
1100111111111000111111111
1111110001111111111100111
##25 25 유람선
0000000011111100000000000
0000000011111111100000000
0000000010000111111000000
0001111111110100111011100
0001111111110100111011100
0011000000011100101011110
0111000000001100101011111
1111100011100110101010000
1111100010100011111111000
1111100011100011000001000
1111100000000001010101000
0111110000000001100001000
0111110000000000111111100
0011110000000000010000100
0011110000000000011010100
0001110000000000001100100
0001111000111100000111110
0001111001100100000000010
0001111001001100010101010
1100111011001000000000111
0100111110001111111111100
0110111100000011111100001
0011111101111001111001111
1001111001111100000011111
1100000011111111111111111
1111111111111111111111111
##25 25 예쁜이 양
0000000111111111111110000
0011101000000000000011100
0111110111111110111100110
1110011100000011111110011
1101101000000001111111001
1101111011100101111111101
1111111110111111100111101
0111100100000011011011101
0010001101010011011111101
0010001000000010111111001
0010101011000110011110001
0010101001000100000000101
0010101111111100100000101
0010100000000000100000101
0010110000000001100000101
0010010000011111000001101
0010011000000000000011001
0010001111100001111110001
0010100000000000000000001
0010110000000110000000011
0011011111111100000011110
0001101010101000111110100
0000111011101111101010100
0000001110111000111011100
0000001110111000111011100
##25 30 용용~ 죽겠지
0010010000000000000000000
0010010000111111111000000
0010010000100001110000000
0111111100101111111111000
1111111110101000001110000
1011010111101000001100000
1001000111101000111000000
1111111111111001110000000
0100011011111011100000000
0111110011111111000000000
0100110011111110000000000
0111100010011100000000000
0100100011111100000000000
1111110011111110011110000
1010010010001110000111100
1111110111111111000011111
0000000111111111000001111
0101000100000111000000111
0101000111111111100000111
1101101111111111100000111
1000101000000011110000111
1000101111111111110001111
1111101111111111111011111
0000010000000001111111111
0000011111111111111111111
0000011111111111111111111
0000011111111111111111110
0000011110001111111111100
0000111110011111111110000
0001111100111110000000000
##45 40 사랑하는 여인에게
000000111111000001111111111100000000000000000
000001111111100001000000000100000000000000000
000011111111110001111111111111100000000000000
000011011111110000111111111111100000001111000
000011011111110000111111111111100011111111100
000110100111110000111111111111100110000111110
000100110111110000111111111111100101101011110
000110000111110000111111111111100101111011110
000011000111110111111111111111111100000111110
000010000111110100000000000001010000001111110
000011100111110100000000000001011000111111110
000000111111110100000000000001001000001111110
000011100111110100000000000001001001111111100
000110000110110111111111111111111001111110000
001100000100010001111111111111111111011000000
001010000100010001111111111111110010001000000
011010000100010001111111111111110010001000000
010110000100010001111111111111110010001000000
110111111111010001111111111111111110001000000
101100100001110001111111110000100000001000000
101000100000111001111111111000100000001000000
111111111111111001111111111000100000001000000
100010001000001001111111111111111111111000000
100110011111111100000000000010000000010000000
100110011111111100000000000111111111110000000
111110011110111100000000011111111111100000000
000010011111111100000000111111110111100000000
000011111111111100000001111111000111100000000
000010011111111100000001111110000111100000000
111110011111111111111111111111111111111111111
000010010100110000000001111000000111100000000
000010010110011000000001111000000111100000000
000010010011001100000001111000000111110000000
000010010001100110000001111000000111111110000
000010010000110011000001111000000011111111111
000110010000011001100001111000000001111111111
001100110000011001100001111000000000011111111
011001110000010011100001111000111111100000111
111111010000111110100111111011111111111101111
111110000001111110001111111111111111111100111
##45 45 독수리 오형제
000000000011111100000000111111111111111111111
000000011110000111110000111111111111111111111
000001110000000011111000111111111111111111111
000011000000001111101110111111111111111111111
000010000111011111100010111111111111111111111
011110011111111111110011111111111111111111111
001110111001111111110001111111111111111111111
000011111011111111110001111111111111111111111
000010001111111111111101011111111111111111111
000010000011111100110111011111111111111111111
000010000111110011011110011111111111111111111
000011000111100001010000001111111111111111111
000001000111000110010000001111111111111111100
000001100011000110110000000111111111111110011
000000110001100000100000000111111111111001111
000000011100111001100000000011111111110011111
000000000111111111100000000001111111101111111
000000001101111111000000000000111110011111111
000000001110111111100011111000011100111111111
000000000110111111111110001111110001111111111
000000000111111111111100000010000111111111111
000000001111111111110000000000001111111110000
000000111111111111000000000000011111111000111
000111111111111100000000000001111111111111111
001100000000100000000000000011111111111111111
001000000011100000000000011110011100111111111
011000000111111000000111111000001110001111111
010000001100100111111111110000000111100011111
010000011100011100000001110000000011111000111
010011111110011000000001110000000011111111111
011111111111001111000011111000000001111111111
111111000001101111110011111110000000111111111
111110000000100100000111011111000000011111111
111111100000100001111110011111110000011111111
111111111011111000000000011111110000001111111
111111000001110000000000111111111000000111111
111111000000100000000000111111111100011011111
111111000000111110000000111011111111111011111
111001000010010010000001111011111101111101111
111001100010111100000011111001111101111101111
110000100000001000000001111101111110111101111
110000110001111111100001111100111110111110111
110000010011100000110001111100111110111110111
100000011111001110011001111110111111011110111
100000011111011111111111111110111111011110111
[15,15,오리]
3;4;5;4;5;6;3,2,1;2,2,5;4,2,6;8,2,3;8,2,1,1;2,6,2,1;4,6;2,4;1
3;5;4,3;7;5;3;5;1,8;3,3,3;7,3,2;5,4,2;8,2;10;2,3;6
[15,15,무우]
0;7,1;2,4;2,2;1,1;1,1;3,2;2,2,2;1,2,4;7,3;3,8;1,1,7;3,6;5;0
3;2,4;1,2,1;5,5;2,3,1;2,6;1,5;1,4;1,3;1,3;1,5;2,4;2,5;7;2
[30,30,지도]
1,1,3,1,1
3,1,1,3,1,1
2,2,4,1,3,1,1
2,3,1,1,1,3,1,1
14,1,3,4
4,4,7,1,3,5
2,4,2,1,1,1,3,5
6,1,2,4,1,3,4
1,2,1,2,1,1,1,3,1,1
6,1,7,1,3,1,1
1,2,1,7,1,3,1,1
6,1,2,1,1,1,1,1
1,4,2,10,1,1
6,4,1,1,2,5
1,1,8,5,6
1,1,8,5,6
6,4,1,1,2,5
1,4,2,10,1,1
6,1,2,1,1,1,1,1
1,2,1,7,1,3,1,1
6,1,7,1,3,1,1
1,2,1,2,1,1,1,3,1,1
6,1,2,4,1,3,4
2,4,2,1,1,1,3,5
4,4,7,1,3,5
14,1,3,4
2,3,1,1,1,3,1
2,2,4,1,3,1,1
3,1,1,3,1,1
1,1,3,1,1
2,2
20
1,1,1,1,1,1,1,1,1,1
2,1,1,1,1,1,1,1,1,2
1,1,1,1,1,1,1,1,1,1,1,1
26
11,11
1,3,1,1,3,1
13,13
4,4,4
24
22
2,2,2,2,2
1,2,1,2,1,2,1,2,1,2,1
26
1,2,1,2,1,2,1,2,1,2,1
30
1,1
13,2,13
1,2,1
11,1,2,1,11
11,6,11
11,6,11
0
2
2,4,2
4,4,4
30
4,4,4
30